GENERAL INFO
#tweets = 20,073,516
#exluded tweets = 1,877,421
#total words in tweets = 436,998,339 
------------------------------------------------------------

a - word
b - count
c - %_of_total_words

	a	b    	c      
0	לא	5279552	1.21
1	את	4332161	0.99
2	זה	3304442	0.76
3	של	2916152	0.67
4	על	2532411	0.58
5	אני	1947513	0.45
6	מה	1605867	0.37
7	עם	1447225	0.33
8	הוא	1346703	0.31
9	כל	1191993	0.27
10	אבל	1167320	0.27
11	גם	1131752	0.26
12	יש	1115416	0.26
13	לי	1114393	0.26
14	אם	999950	0.23
15	אתה	974039	0.22
16	רק	822003	0.19
17	או	770870	0.18
18	היה	733686	0.17
19	אין	713878	0.16
20	יותר	696484	0.16
21	אז	686386	0.16
22	לך	673394	0.15
23	היא	668486	0.15
24	כי	648540	0.15
25	טוב	599601	0.14
26	הם	591441	0.14
27	מי	582815	0.13
28	כמו	567855	0.13
29	שלא	548853	0.13
30	כבר	499920	0.11
31	עוד	492687	0.11
32	שלי	482031	0.11
33	אחד	480516	0.11
34	למה	477428	0.11
35	לו	475769	0.11
36	ולא	462359	0.11
37	הזה	461840	0.11
38	ישראל	431837	0.1
39	אותו	406953	0.09
40	כמה	405281	0.09
41	שלך	392719	0.09
42	שהוא	390819	0.09
43	כן	390444	0.09
44	איך	381935	0.09
45	צריך	378118	0.09
46	להיות	372780	0.09
47	כך	371705	0.09
48	היום	370798	0.08
49	שלו	332849	0.08
50	שם	332341	0.08
51	עכשיו	328074	0.08
52	עד	325989	0.07
53	ממש	313910	0.07
54	שאני	310553	0.07
55	שזה	307105	0.07
56	כדי	297676	0.07
57	איזה	296435	0.07
58	תודה	292043	0.07
59	זו	289236	0.07
60	אחרי	288772	0.07
61	הרבה	283782	0.06
62	להם	281551	0.06
63	לפני	281105	0.06
64	ביבי	277616	0.06
65	פעם	274302	0.06
66	אותי	267732	0.06
67	נתניהו	266555	0.06
68	באמת	264683	0.06
69	נראה	264030	0.06
70	פה	263656	0.06
71	רוצה	261700	0.06
72	הכי	260041	0.06
73	אפשר	259579	0.06
74	מאוד	257727	0.06
75	שיש	257004	0.06
76	אל	255150	0.06
77	יכול	253048	0.06
78	אולי	252634	0.06
79	משהו	252300	0.06
80	אנשים	249019	0.06
81	יודע	244299	0.06
82	נכון	242583	0.06
83	בכל	242198	0.06
84	שאתה	239037	0.05
85	אנחנו	235299	0.05
86	יום	234993	0.05
87	בין	234142	0.05
88	הכל	232888	0.05
89	בלי	232886	0.05
90	יהיה	232246	0.05
91	זאת	232072	0.05
92	פשוט	231135	0.05
93	ראש	220933	0.05
94	היו	220856	0.05
95	דבר	218101	0.05
96	לנו	217094	0.05
97	לעשות	215458	0.05
98	אותך	212008	0.05
99	אתם	208624	0.05
100	ככה	208483	0.05
101	נגד	207392	0.05
102	וגם	204063	0.05
103	בדיוק	200878	0.05
104	הייתי	200185	0.05
105	קצת	191201	0.04
106	אותם	190694	0.04
107	אדם	190188	0.04
108	אומר	185599	0.04
109	בגלל	184905	0.04
110	שהם	184158	0.04
111	כזה	182033	0.04
112	שנים	180898	0.04
113	לה	180208	0.04
114	וזה	180032	0.04
115	אותה	176331	0.04
116	עושה	176308	0.04
117	בכלל	174599	0.04
118	שלהם	171859	0.04
119	בן	170946	0.04
120	כאן	170723	0.04
121	ברור	168469	0.04
122	אחת	168433	0.04
123	עדיין	166228	0.04
124	המדינה	165314	0.04
125	תמיד	165117	0.04
126	הממשלה	163068	0.04
127	ואני	162858	0.04
128	אף	157104	0.04
129	שנה	156009	0.04
130	חושב	151597	0.03
131	אפילו	149982	0.03
132	אחר	149893	0.03
133	שלנו	149260	0.03
134	מישהו	148914	0.03
135	לכל	148750	0.03
136	בו	148111	0.03
137	מבין	147974	0.03
138	מעניין	147863	0.03
139	שהיא	144446	0.03
140	אלא	141958	0.03
141	שני	141128	0.03
142	שום	139028	0.03
143	כולם	138926	0.03
144	כנראה	138778	0.03
145	די	137538	0.03
146	איפה	137082	0.03
147	במקום	136541	0.03
148	פחות	134724	0.03
149	האם	134527	0.03
150	יפה	133628	0.03
151	לכם	132445	0.03
152	קשה	130796	0.03
153	ואז	130690	0.03
154	זמן	129813	0.03
155	בית	128382	0.03
156	בשביל	128025	0.03
157	שלה	127267	0.03
158	שוב	126051	0.03
159	כלום	125915	0.03
160	הזמן	121596	0.03
161	בבית	120628	0.03
162	חוק	119868	0.03
163	דברים	119832	0.03
164	השמאל	119677	0.03
165	שאין	119437	0.03
166	לראות	119208	0.03
167	הייתה	119137	0.03
168	שלום	118244	0.03
169	הזו	117304	0.03
170	אמר	116723	0.03
171	ללא	115784	0.03
172	טובה	115612	0.03
173	סתם	112902	0.03
174	לזה	111822	0.03
175	לפחות	111567	0.03
176	מול	111326	0.03
177	גדול	111009	0.03
178	עליו	108821	0.02
179	אחרת	108606	0.02
180	לגמרי	108301	0.02
181	מספיק	107543	0.02
182	רואה	106694	0.02
183	הזאת	106623	0.02
184	נו	105847	0.02
185	ועוד	105498	0.02
186	בטוח	105459	0.02
187	בוקר	104992	0.02
188	מקום	104480	0.02
189	היתה	104265	0.02
190	מזל	103983	0.02
191	בישראל	102697	0.02
192	לפי	99917	0.02
193	מזה	99688	0.02
194	שאת	99386	0.02
195	כאילו	98892	0.02
196	ממשלה	98479	0.02
197	חיים	97659	0.02
198	בסדר	96828	0.02
199	איש	96399	0.02
200	חשוב	96335	0.02
201	בני	96314	0.02
202	בא	95648	0.02
203	שר	95376	0.02
204	בעולם	94139	0.02
205	אגב	93882	0.02
206	תהיה	93333	0.02
207	אי	93113	0.02
208	האמת	93054	0.02
209	צודק	91941	0.02
210	עושים	91453	0.02
211	להגיד	91186	0.02
212	לב	91060	0.02
213	כסף	89547	0.02
214	דרך	89465	0.02
215	האלה	88928	0.02
216	דווקא	88927	0.02
217	סוף	88835	0.02
218	ביותר	88791	0.02
219	לפיד	88673	0.02
220	מדינה	88618	0.02
221	חבל	88485	0.02
222	מקווה	87455	0.02
223	חלק	87079	0.02
224	אביב	86642	0.02
225	מתי	86543	0.02
226	בטח	86190	0.02
227	שכל	86039	0.02
228	הבנתי	85984	0.02
229	והוא	84690	0.02
230	רוצים	84685	0.02
231	יהודים	84049	0.02
232	אצל	83967	0.02
233	החוק	83363	0.02
234	שלכם	83239	0.02
235	הבעיה	82977	0.02
236	ואת	82761	0.02
237	בזה	82358	0.02
238	כאלה	82121	0.02
239	שמאל	82083	0.02
240	יודעת	81989	0.02
241	חדש	81536	0.02
242	שבת	81182	0.02
243	הימין	80991	0.02
244	שהיה	80629	0.02
245	אוהב	80279	0.02
246	הולך	80273	0.02
247	נשים	80166	0.02
248	אלה	79945	0.02
249	היית	79893	0.02
250	יודעים	79588	0.02
251	אתמול	79571	0.02
252	צריכה	79402	0.02
253	העולם	79316	0.02
254	גנץ	78684	0.02
255	אותנו	78524	0.02
256	לדבר	78410	0.02
257	חוץ	78345	0.02
258	ביום	78086	0.02
259	מדי	78077	0.02
260	רגע	78059	0.02
261	בה	77961	0.02
262	הגיע	77369	0.02
263	מגיע	77230	0.02
264	העם	77171	0.02
265	ימין	77142	0.02
266	לגבי	76385	0.02
267	ילדים	76198	0.02
268	בהצלחה	75992	0.02
269	ומה	75953	0.02
270	לתת	75952	0.02
271	ואם	75795	0.02
272	מצב	75608	0.02
273	עצמו	75021	0.02
274	כמובן	74743	0.02
275	מלא	74527	0.02
276	קורה	74346	0.02
277	ראיתי	74029	0.02
278	הציבור	74022	0.02
279	המשפט	73824	0.02
280	אה	73781	0.02
281	העבודה	73778	0.02
282	מדבר	73518	0.02
283	הליכוד	73397	0.02
284	יכולה	73364	0.02
285	למי	73043	0.02
286	בסוף	72987	0.02
287	בדרך	72977	0.02
288	הבית	72740	0.02
289	הבחירות	72711	0.02
290	קרה	72519	0.02
291	למרות	72356	0.02
292	מחר	72252	0.02
293	לקבל	71666	0.02
294	עזה	71649	0.02
295	נשמע	71588	0.02
296	הכבוד	71425	0.02
297	חבר	71368	0.02
298	בעיה	71310	0.02
299	לדעתי	70717	0.02
300	מדובר	70641	0.02
301	אך	70575	0.02
302	שיהיה	70532	0.02
303	עשה	70509	0.02
304	עבודה	70214	0.02
305	כמעט	70003	0.02
306	מאד	69978	0.02
307	בארץ	69953	0.02
308	להבין	69880	0.02
309	שבוע	69625	0.02
310	מדינת	69483	0.02
311	חשבתי	69449	0.02
312	באופן	69365	0.02
313	צריכים	69256	0.02
314	שגם	68974	0.02
315	קשר	68689	0.02
316	שמח	68684	0.02
317	מאז	68679	0.02
318	ויש	68630	0.02
319	וכל	68578	0.02
320	מכל	68461	0.02
321	הבא	68294	0.02
322	טראמפ	68227	0.02
323	אכן	68218	0.02
324	בזמן	67461	0.02
325	משנה	67302	0.02
326	אחרים	67250	0.02
327	לאחר	67134	0.02
328	החיים	67046	0.02
329	חצי	66982	0.02
330	מכיר	66913	0.02
331	קודם	66823	0.02
332	הדבר	66439	0.02
333	בנט	66311	0.02
334	מספר	65951	0.02
335	מדהים	65628	0.02
336	גבאי	65369	0.01
337	בעד	65335	0.01
338	משחק	65166	0.01
339	עובד	65088	0.01
340	ברק	65088	0.01
341	הן	65066	0.01
342	היהודי	64252	0.01
343	רע	64144	0.01
344	חחח	64030	0.01
345	הראשון	63563	0.01
346	חייב	63281	0.01
347	לדעת	63011	0.01
348	מהם	62819	0.01
349	מאמין	62709	0.01
350	עדיף	62237	0.01
351	השני	62123	0.01
352	מעולה	61815	0.01
353	ידי	61582	0.01
354	וואו	61406	0.01
355	ממנו	61286	0.01
356	לקרוא	61074	0.01
357	שווה	60909	0.01
358	ולכן	60625	0.01
359	בושה	60484	0.01
360	לומר	60275	0.01
361	כיף	59735	0.01
362	קל	59641	0.01
363	מנסה	59537	0.01
364	הרי	59211	0.01
365	בעיקר	59100	0.01
366	רוב	58972	0.01
367	איתך	58834	0.01
368	מילה	58452	0.01
369	מסכים	58425	0.01
370	קטן	58211	0.01
371	אלו	58126	0.01
372	ראשון	57968	0.01
373	הבאה	57704	0.01
374	בהחלט	57676	0.01
375	שעות	57588	0.01
376	דקות	57420	0.01
377	"צה""ל"	57224	0.01
378	שצריך	56844	0.01
379	אוי	56652	0.01
380	אבא	56617	0.01
381	בהם	56568	0.01
382	שאלה	56546	0.01
383	יצא	56534	0.01
384	מעט	56435	0.01
385	רבה	56368	0.01
386	אמא	56229	0.01
387	בת	56218	0.01
388	בוא	56216	0.01
389	ואין	56200	0.01
390	יהיו	56021	0.01
391	יהודי	55726	0.01
392	בחירות	55018	0.01
393	כתב	54827	0.01
394	כולל	54686	0.01
395	שאנחנו	54666	0.01
396	כרגע	54520	0.01
397	יא	54469	0.01
398	במקרה	54321	0.01
399	המון	54291	0.01
400	ספר	54261	0.01
401	המשטרה	54164	0.01
402	יכולים	54158	0.01
403	בראש	53975	0.01
404	מצד	53962	0.01
405	סליחה	53832	0.01
406	אומרים	53807	0.01
407	חזק	53786	0.01
408	הבוקר	53785	0.01
409	ילד	53676	0.01
410	אחלה	53636	0.01
411	ואתה	53516	0.01
412	הארץ	53355	0.01
413	ספק	53327	0.01
414	בחיים	53206	0.01
415	השם	53195	0.01
416	להגיע	52901	0.01
417	ללכת	52784	0.01
418	הכנסת	52612	0.01
419	השאלה	52612	0.01
420	אמיתי	52282	0.01
421	עצוב	52194	0.01
422	כבוד	52026	0.01
423	בבקשה	51953	0.01
424	תמונה	51903	0.01
425	במדינה	51809	0.01
426	יאללה	51792	0.01
427	ימים	51587	0.01
428	איזו	51486	0.01
429	נורא	51480	0.01
430	איתו	51404	0.01
431	מנדטים	51298	0.01
432	ועל	51260	0.01
433	ירושלים	51183	0.01
434	לשמוע	51173	0.01
435	האחרון	51085	0.01
436	עניין	50834	0.01
437	האיש	50807	0.01
438	לפעמים	50741	0.01
439	שעה	50672	0.01
440	יאיר	50583	0.01
441	חמאס	50563	0.01
442	לקחת	50535	0.01
443	תל	50492	0.01
444	יקרה	50481	0.01
445	עליך	50464	0.01
446	השנה	50354	0.01
447	טובים	50250	0.01
448	קשור	50042	0.01
449	חברים	50031	0.01
450	בעצם	50015	0.01
451	הערב	49837	0.01
452	מקרה	49557	0.01
453	מכבי	49466	0.01
454	בתור	49172	0.01
455	שאתם	49066	0.01
456	התקשורת	49012	0.01
457	העיר	48772	0.01
458	וכו	48742	0.01
459	אוכל	48679	0.01
460	הרב	48643	0.01
461	אמרתי	48608	0.01
462	יחד	48589	0.01
463	עולה	48574	0.01
464	אומרת	48549	0.01
465	לבד	48335	0.01
466	אחוז	48271	0.01
467	לכן	48222	0.01
468	לחשוב	48154	0.01
469	פי	48085	0.01
470	כולנו	48069	0.01
471	בטוויטר	47964	0.01
472	גבר	47684	0.01
473	הדרך	47671	0.01
474	הביתה	47614	0.01
475	מאשר	47508	0.01
476	תגיד	47464	0.01
477	ערבים	47293	0.01
478	לישראל	47211	0.01
479	מותר	47091	0.01
480	גדולה	47073	0.01
481	עצמי	47066	0.01
482	הראשונה	47047	0.01
483	חסר	47041	0.01
484	זוכר	46722	0.01
485	לעולם	46699	0.01
486	מת	46590	0.01
487	חי	46463	0.01
488	מעל	46400	0.01
489	רואים	46337	0.01
490	טרור	46280	0.01
491	אסור	46243	0.01
492	לבית	46164	0.01
493	מזמן	46133	0.01
494	עליהם	45967	0.01
495	הנה	45932	0.01
496	ערוץ	45855	0.01
497	ועכשיו	45822	0.01
498	מצחיק	45813	0.01
499	מתוך	45802	0.01
500	תחת	45756	0.01
501	כמוך	45694	0.01
502	הדברים	45481	0.01
503	שאם	45442	0.01
504	תוך	45390	0.01
505	לצאת	45363	0.01
506	רגב	45295	0.01
507	עליה	45247	0.01
508	גרוע	45228	0.01
509	אישה	45089	0.01
510	במיוחד	44934	0.01
511	רבין	44878	0.01
512	בבחירות	44813	0.01
513	הציוץ	44806	0.01
514	בצורה	44562	0.01
515	הילדים	44469	0.01
516	איתי	44469	0.01
517	בבוקר	44465	0.01
518	ליד	44401	0.01
519	עלי	44399	0.01
520	אמת	44344	0.01
521	והם	44328	0.01
522	המשחק	44291	0.01
523	החדש	44279	0.01
524	מיליון	44263	0.01
525	ממך	43968	0.01
526	קוראים	43840	0.01
527	הפעם	43576	0.01
528	רב	43463	0.01
529	מקבל	43449	0.01
530	חושבת	43444	0.01
531	למען	43363	0.01
532	אחי	43318	0.01
533	אמן	43119	0.01
534	שתי	43110	0.01
535	מתאים	43095	0.01
536	בתוך	43024	0.01
537	לכולם	42864	0.01
538	סיבה	42669	0.01
539	זהו	42340	0.01
540	יוצא	42333	0.01
541	המצב	42291	0.01
542	לשם	42253	0.01
543	לעבוד	42204	0.01
544	מפלגת	42192	0.01
545	פעמים	42101	0.01
546	אלוהים	42084	0.01
547	הביטחון	41946	0.01
548	ערב	41886	0.01
549	אוהבת	41886	0.01
550	היחיד	41823	0.01
551	ענק	41823	0.01
552	בלתי	41697	0.01
553	ממה	41634	0.01
554	כלל	41534	0.01
555	משפט	41393	0.01
556	אבי	41277	0.01
557	למשל	41258	0.01
558	אליו	41201	0.01
559	בנושא	41177	0.01
560	מערכת	41162	0.01
561	במה	41090	0.01
562	כאשר	41055	0.01
563	כוח	41054	0.01
564	מושג	40972	0.01
565	מוכן	40737	0.01
566	פתאום	40736	0.01
567	אלי	40583	0.01
568	ברוך	40520	0.01
569	היי	40384	0.01
570	בכנסת	40348	0.01
571	אנשי	40122	0.01
572	מרגיש	40111	0.01
573	לבין	39979	0.01
574	מפלגה	39956	0.01
575	מעבר	39932	0.01
576	מבינה	39823	0.01
577	עולם	39663	0.01
578	בירושלים	39544	0.01
579	שבו	39494	0.01
580	לכתוב	39493	0.01
581	חייבים	39451	0.01
582	הגדול	39449	0.01
583	הלוואי	39337	0.01
584	מירי	39303	0.01
585	סיכוי	39295	0.01
586	והיא	39207	0.01
587	חדשות	39099	0.01
588	יופי	39066	0.01
589	ורק	39056	0.01
590	הראש	38962	0.01
591	ממשלת	38900	0.01
592	חשבון	38760	0.01
593	היהודים	38739	0.01
594	הלאום	38724	0.01
595	ציוץ	38662	0.01
596	וחצי	38624	0.01
597	ראוי	38612	0.01
598	אלף	38610	0.01
599	סבבה	38597	0.01
600	ניתן	38594	0.01
601	כזו	38521	0.01
602	חברה	38419	0.01
603	בעזה	38200	0.01
604	קורא	38101	0.01
605	שרה	37991	0.01
606	רצח	37956	0.01
607	הערבים	37858	0.01
608	הסיפור	37823	0.01
609	חג	37817	0.01
610	לבן	37785	0.01
611	נפש	37721	0.01
612	להביא	37671	0.01
613	אמור	37656	0.01
614	כדאי	37564	0.01
615	שמעתי	37397	0.01
616	שמישהו	37285	0.01
617	עבר	36959	0.01
618	להצביע	36954	0.01
619	ליברמן	36950	0.01
620	מחדש	36908	0.01
621	מתחיל	36899	0.01
622	מחבלים	36838	0.01
623	ומי	36703	0.01
624	עשו	36685	0.01
625	עלינו	36481	0.01
626	מדברים	36436	0.01
627	גברים	36386	0.01
628	החדשה	36371	0.01
629	השבוע	36321	0.01
630	מילים	36238	0.01
631	ממני	36204	0.01
632	סיפור	36199	0.01
633	רבים	36167	0.01
634	שקד	36105	0.01
635	כפי	36079	0.01
636	עצמך	36070	0.01
637	מעולם	36000	0.01
638	מזכיר	35999	0.01
639	חיפה	35991	0.01
640	בי	35942	0.01
641	מר	35775	0.01
642	האחרונות	35766	0.01
643	נותן	35650	0.01
644	שכן	35605	0.01
645	לחלוטין	35491	0.01
646	מן	35464	0.01
647	שזו	35456	0.01
648	מוזר	35428	0.01
649	כחלון	35390	0.01
650	"ע""י"	35336	0.01
651	אצלי	35331	0.01
652	האדם	35264	0.01
653	הישראלי	35243	0.01
654	בלבד	35232	0.01
655	ועדיין	35094	0.01
656	מחכה	35084	0.01
657	הקשר	35035	0.01
658	בשם	34961	0.01
659	האנשים	34896	0.01
660	עתיד	34810	0.01
661	מהר	34795	0.01
662	העיקר	34683	0.01
663	עונה	34669	0.01
664	שאפשר	34517	0.01
665	זכויות	34491	0.01
666	משרד	34472	0.01
667	קיבל	34457	0.01
668	להמשיך	34457	0.01
669	חד	34370	0.01
670	לאכול	34247	0.01
671	האחרונה	34215	0.01
672	הפועל	34192	0.01
673	אכפת	34186	0.01
674	אתכם	34145	0.01
675	עצמם	34053	0.01
676	לחזור	34041	0.01
677	טעות	34027	0.01
678	החמאס	34022	0.01
679	הכסף	33859	0.01
680	לילה	33845	0.01
681	היינו	33830	0.01
682	לישון	33813	0.01
683	שקל	33808	0.01
684	הלב	33774	0.01
685	המפלגה	33688	0.01
686	אפס	33687	0.01
687	לאנשים	33609	0.01
688	הגיוני	33590	0.01
689	שחקן	33525	0.01
690	תעשה	33476	0.01
691	שלמה	33471	0.01
692	ביחד	33416	0.01
693	בינתיים	33400	0.01
694	חדשה	33377	0.01
695	כלומר	33273	0.01
696	למצוא	33259	0.01
697	עבור	33203	0.01
698	קפה	33182	0.01
699	דוד	33139	0.01
700	אצלנו	33139	0.01
701	הלילה	33085	0.01
702	חברי	33076	0.01
703	חודשים	33057	0.01
704	בעוד	33039	0.01
705	ציבור	33014	0.01
706	בקרוב	32854	0.01
707	מסתבר	32746	0.01
708	חושבים	32558	0.01
709	מדוע	32531	0.01
710	דין	32518	0.01
711	מלחמה	32507	0.01
712	מצליח	32471	0.01
713	יהודית	32468	0.01
714	עובר	32462	0.01
715	מבינים	32438	0.01
716	היחידה	32380	0.01
717	ביקורת	32349	0.01
718	דומה	32341	0.01
719	שביבי	32321	0.01
720	חוסר	32269	0.01
721	לכך	32207	0.01
722	זכות	31865	0.01
723	מים	31851	0.01
724	הספר	31808	0.01
725	נשאר	31792	0.01
726	יד	31784	0.01
727	מידי	31775	0.01
728	לעבור	31753	0.01
729	לוי	31753	0.01
730	וואלה	31747	0.01
731	פייק	31684	0.01
732	בצד	31629	0.01
733	אוהבים	31554	0.01
734	נכנס	31536	0.01
735	בואו	31466	0.01
736	איראן	31438	0.01
737	העונה	31390	0.01
738	משה	31374	0.01
739	עשרות	31370	0.01
740	שהיו	31316	0.01
741	טועה	31309	0.01
742	הישראלית	31308	0.01
743	כעת	31295	0.01
744	בך	31259	0.01
745	ללמוד	31204	0.01
746	באיזה	31089	0.01
747	ישר	31087	0.01
748	לקנות	31074	0.01
749	השר	31071	0.01
750	טוויטר	30918	0.01
751	בשעה	30904	0.01
752	עיתונאי	30900	0.01
753	לחיות	30820	0.01
754	הטוב	30818	0.01
755	ישראלי	30797	0.01
756	במצב	30745	0.01
757	בערך	30708	0.01
758	לבדוק	30671	0.01
759	שונה	30660	0.01
760	להעביר	30608	0.01
761	אינו	30597	0.01
762	שרק	30574	0.01
763	לביבי	30480	0.01
764	לאן	30473	0.01
765	מאיפה	30471	0.01
766	הפוך	30453	0.01
767	נחמד	30442	0.01
768	להוציא	30387	0.01
769	בעקבות	30379	0.01
770	פוליטי	30274	0.01
771	שטויות	30249	0.01
772	אלפי	30180	0.01
773	ברגע	30170	0.01
774	אמרה	30126	0.01
775	כנסת	30125	0.01
776	ככל	30102	0.01
777	מראש	30094	0.01
778	חופש	30035	0.01
779	סוג	29998	0.01
780	הסכם	29911	0.01
781	אור	29780	0.01
782	צודקת	29704	0.01
783	חודש	29690	0.01
784	נמצא	29679	0.01
785	קולות	29679	0.01
786	כותב	29627	0.01
787	ועד	29609	0.01
788	לנצח	29604	0.01
789	מין	29581	0.01
790	נשמה	29579	0.01
791	הבן	29567	0.01
792	נעים	29558	0.01
793	עשיתי	29485	0.01
794	תראה	29464	0.01
795	באמצע	29449	0.01
796	בדרום	29440	0.01
797	איתם	29397	0.01
798	שלושה	29364	0.01
799	אישית	29352	0.01
800	למדינה	29325	0.01
801	תמונות	29290	0.01
802	ממנה	29264	0.01
803	בפעם	29212	0.01
804	העניין	29196	0.01
805	בשבת	29189	0.01
806	לצערי	29179	0.01
807	קראתי	29161	0.01
808	לבני	29033	0.01
809	אמרו	29027	0.01
810	כלפי	28990	0.01
811	עליי	28909	0.01
812	שלטון	28872	0.01
813	הדין	28861	0.01
814	כזאת	28850	0.01
815	לשים	28839	0.01
816	הולכים	28789	0.01
817	ידע	28787	0.01
818	נגמר	28757	0.01
819	רציני	28746	0.01
820	אחריות	28656	0.01
821	להאמין	28650	0.01
822	בעיני	28634	0.01
823	אישום	28589	0.01
824	צורך	28581	0.01
825	עובדים	28545	0.01
826	ידעתי	28543	0.01
827	לעומת	28541	0.01
828	משפחה	28531	0.01
829	שואל	28480	0.01
830	ביטחון	28417	0.01
831	מציע	28381	0.01
832	יקר	28314	0.01
833	לשבת	28313	0.01
834	לוקח	28307	0.01
835	אהבתי	28304	0.01
836	תקשורת	28304	0.01
837	שיר	28249	0.01
838	אחרות	28233	0.01
839	מחיר	28198	0.01
840	תן	28143	0.01
841	התמונה	28136	0.01
842	קבוצה	28128	0.01
843	כשאני	28111	0.01
844	ערבי	28104	0.01
845	עומד	28090	0.01
846	לשנות	28052	0.01
847	מיני	28006	0.01
848	מתחת	27995	0.01
849	עצמה	27990	0.01
850	הלא	27982	0.01
851	שבע	27941	0.01
852	אהבה	27904	0.01
853	תלוי	27902	0.01
854	חוזר	27893	0.01
855	כהן	27855	0.01
856	המציאות	27818	0.01
857	חכם	27769	0.01
858	בעניין	27709	0.01
859	באותו	27708	0.01
860	העובדה	27658	0.01
861	וואי	27653	0.01
862	שלוש	27652	0.01
863	מנהיג	27623	0.01
864	מניח	27617	0.01
865	הסיבה	27613	0.01
866	קרוב	27605	0.01
867	שמאלנים	27601	0.01
868	בריאות	27525	0.01
869	להסביר	27519	0.01
870	"ח""כ"	27498	0.01
871	לעזור	27444	0.01
872	ההבדל	27441	0.01
873	נתן	27412	0.01
874	תשובה	27265	0.01
875	במהלך	27239	0.01
876	שישי	27209	0.01
877	החינוך	27177	0.01
878	האלו	27170	0.01
879	מלך	27096	0.01
880	הקטע	27088	0.01
881	לשעבר	27062	0.01
882	כשהוא	27046	0.01
883	קטנה	27016	0.01
884	בקיצור	27013	0.01
885	סביר	27004	0.01
886	יעשה	27003	0.01
887	סגל	26929	0.01
888	החברה	26916	0.01
889	הזוי	26895	0.01
890	תומך	26825	0.01
891	אשמח	26755	0.01
892	פעולה	26711	0.01
893	כאלו	26704	0.01
894	בתל	26692	0.01
895	כה	26683	0.01
896	המשפחה	26651	0.01
897	חיילים	26637	0.01
898	מביך	26599	0.01
899	מחוץ	26537	0.01
900	שכבר	26478	0.01
901	כשאתה	26427	0.01
902	ראשונה	26392	0.01
903	מקבלים	26378	0.01
904	המילה	26360	0.01
905	מושלם	26320	0.01
906	לשאול	26311	0.01
907	שקר	26279	0.01
908	בניגוד	26272	0.01
909	נשיא	26267	0.01
910	מדינות	26259	0.01
911	ואף	26243	0.01
912	תיק	26229	0.01
913	פרס	26202	0.01
914	השאר	26192	0.01
915	מאות	26176	0.01
916	בר	26171	0.01
917	בדיחה	26098	0.01
918	משחקים	26050	0.01
919	לראש	25994	0.01
920	לשלם	25841	0.01
921	כדורגל	25822	0.01
922	מאחורי	25818	0.01
923	חולה	25818	0.01
924	יהודה	25776	0.01
925	מיד	25772	0.01
926	ישראלים	25722	0.01
927	לשמור	25713	0.01
928	תושבי	25693	0.01
929	אשר	25687	0.01
930	ידוע	25674	0.01
931	לשחק	25639	0.01
932	צבא	25616	0.01
933	קיים	25602	0.01
934	בשנה	25602	0.01
935	פוליטית	25523	0.01
936	פנים	25475	0.01
937	אוקיי	25455	0.01
938	ברחוב	25437	0.01
939	נעשה	25433	0.01
940	אש	25410	0.01
941	טובות	25380	0.01
942	מעדיף	25374	0.01
943	בלילה	25366	0.01
944	רוח	25357	0.01
945	מראה	25355	0.01
946	לקראת	25333	0.01
947	חוקי	25264	0.01
948	בעל	25242	0.01
949	לבחור	25237	0.01
950	שמה	25162	0.01
951	אנו	25140	0.01
952	לקח	25122	0.01
953	ושוב	25095	0.01
954	ואולי	25074	0.01
955	אוף	25047	0.01
956	מתכוון	25046	0.01
957	נהדר	24998	0.01
958	בעיר	24892	0.01
959	הילד	24866	0.01
960	כוחות	24859	0.01
961	רחוק	24858	0.01
962	עזוב	24849	0.01
963	לטובת	24820	0.01
964	באותה	24813	0.01
965	אשכרה	24799	0.01
966	בעלי	24783	0.01
967	עלה	24781	0.01
968	שונא	24750	0.01
969	לעצמי	24739	0.01
970	אותן	24677	0.01
971	נפלא	24657	0.01
972	בעבר	24583	0.01
973	חייבת	24576	0.01
974	ים	24547	0.01
975	הקרן	24523	0.01
976	שינוי	24497	0.01
977	הפנים	24485	0.01
978	רעיון	24466	0.01
979	ארץ	24422	0.01
980	ברמה	24370	0.01
981	לנתניהו	24360	0.01
982	מכירה	24358	0.01
983	תכלס	24317	0.01
984	דרעי	24298	0.01
985	להחליף	24278	0.01
986	הולכת	24257	0.01
987	האחרונים	24204	0.01
988	דיווח	24198	0.01
989	מישהי	24128	0.01
990	עיר	24096	0.01
991	לכנסת	24067	0.01
992	קו	24034	0.01
993	לנסות	23977	0.01
994	אזרחים	23967	0.01
995	מושחת	23955	0.01
996	חזרה	23954	0.01
997	הצבא	23854	0.01
998	דה	23852	0.01
999	ארגון	23799	0.01
